           k            Ek                       w                       |<f||O||0>|^2
           1   0.0000000000000000        2.2245798536497250        7.1390692779971754E-035
           2   0.0000000000000000        2.2245798536497250        6.7159936609868569E-034
           3   0.0000000000000000        2.2245798536497250        2.0208799163502417E-032
           4   0.0000000000000000        2.2245798536497250        2.9783367168928639E-035
           5   0.0000000000000000        2.2245798536497250        4.8090640551771773E-034
           6   0.0000000000000000        2.2245798536497250        2.9771059093613426E-032
           7   0.0000000000000000        2.2245798536497250        5.4567107440154359E-035
           8   0.0000000000000000        2.2245798536497250        2.3805790848909863E-033
           9   0.0000000000000000        2.2245798536497250        2.8804012003823687E-033
          10   0.0000000000000000        2.2245798536497250        1.4487618932574914E-033
          11   0.0000000000000000        2.2245798536497250        1.0437601952111072E-033
          12   0.0000000000000000        2.2245798536497250        7.4847288481390965E-034
          13   0.0000000000000000        2.2245798536497250        3.4707053994293004E-033
          14   0.0000000000000000        2.2245798536497250        3.0852836489992133E-033
          15   0.0000000000000000        2.2245798536497250        2.3383460661865629E-032
          16   0.0000000000000000        2.2245798536497250        1.5317872695596150E-032
          17   0.0000000000000000        2.2245798536497250        1.9900549739864904E-034
          18   0.0000000000000000        2.2245798536497250        2.1118059039618183E-033
          19   0.0000000000000000        2.2245798536497250        1.2060458480447025E-033
          20   0.0000000000000000        2.2245798536497250        3.0036141815919839E-033
          21   0.0000000000000000        2.2245798536497250        4.3213867930350443E-033
          22   0.0000000000000000        2.2245798536497250        3.2592373048978979E-033
          23   0.0000000000000000        2.2245798536497250        7.3118193142535397E-033
          24   0.0000000000000000        2.2245798536497250        1.1485832324132298E-032
          25   0.0000000000000000        2.2245798536497250        1.6071472150168374E-033
          26   8.2343779480617371E-002   2.3069236331303422        3.4698814940840570E-006
          27  0.40366974887124391        2.6282496025209690        4.7370931099052684E-006
          28   1.0197278789374133        3.2443077325871386        3.5520258313709698E-006
          29   1.9391355901013301        4.1637154437510553        2.2701019724445229E-006
          30   3.1626733371226434        5.3872531907723680        1.3935410628486402E-006
          31   4.6901007711340696        6.9146806247837951        8.6007015342838604E-007
          32   6.5211068394077749        8.7456866930575003        5.4300478683345271E-007
          33   8.6554677816254930        10.880047635275218        3.5247712019394929E-007
          34   11.093054363845225        13.317634217494950        2.3521240571917667E-007
          35   13.833810548558805        16.058390402208531        1.6100291849817115E-007
          36   16.877733241916300        19.102313095566025        1.1271410281076404E-007
          37   20.224860061817768        22.449439915467494        8.0453880171484879E-008
          38   23.875265926762452        26.099845780412178        5.8372346600014330E-008
          39   27.829067795039922        30.053647648689648        4.2919965856440534E-008
          40   32.086437493432264        34.311017347081986        3.1888005005883185E-008
          41   36.647623254894206        38.872203108543928        2.3869070619980620E-008
          42   41.512979760294641        43.737559613944363        1.7946559639238355E-008
          43   46.683006993774441        48.907586847424163        1.3511541461040695E-008
          44   52.158396821898528        54.382976675548250        1.0152118405683755E-008
          45   57.940085338407187        60.164665192056908        7.5850242988606721E-009
          46   64.029305831874524        66.253885685524253        5.6123370648898548E-009
          47   70.427637816132616        72.652217669782345        4.0935039223181138E-009
          48   77.137043246543215        79.361623100192944        2.9268789520227165E-009
          49   84.159883817833801        86.384463671483530        2.0373656742651967E-009
          50   91.498911053747605        93.723490907397334        1.3680625412267172E-009
          51   99.157228527683145        101.38180838133287        8.7464608339082052E-010
          52   107.13822300170551        109.36280285535524        5.2164507688166460E-010
          53   115.44547327467322        117.67005312832295        2.8005042450857046E-010
          54   124.08263928958297        126.30721914323270        1.2582701631386404E-010
          55   133.05334541463171        135.27792526828142        3.9014873547803403E-011
          56   142.36105787471280        144.58563772836251        3.1669104966608845E-012
          57   152.00896982698919        154.23354968063890        4.9568645102527051E-012
          58   161.99988575870717        164.22446561235688        3.3846247470599933E-011
          59   172.33611782972469        174.56069768337440        8.1757626151407110E-011
          60   183.01938209816277        185.24396195181248        1.4273589821582426E-010
          61   194.05071689550749        196.27529674915721        2.1259667779133907E-010
          62   205.43041652921497        207.65499638286468        2.8857341161842701E-010
          63   217.15802495684306        219.38260481049278        3.6896496729371841E-010
          64   229.23239100956866        231.45697086321837        4.5279786980088930E-010
          65   241.65183996280749        243.87641981645720        5.3950601401018147E-010
          66   254.41442489829046        256.63900475194021        6.2866670495384649E-010
          67   267.51823814133513        269.74281799498488        7.1983267451872265E-010
          68   280.96158404850604        283.18616390215578        8.1254518917344032E-010
          69   294.74282443806788        296.96740429171763        9.0656914220259141E-010
          70   308.85956639897006        311.08414625261980        1.0023542960507787E-009
          71   323.30707092572072        325.53165077937047        1.1015808954993325E-009
          72   338.07577561010345        340.30035546375319        1.2075838613274223E-009
          73   353.14806872778996        355.37264858143971        1.3253170726807237E-009
          74   368.49422190638057        370.71880176003032        1.4602756827779002E-009
          75   384.06769245072473        386.29227230437448        1.6147606400998898E-009
          76   399.80151727355911        402.02609712720886        1.7777020536107743E-009
          77   415.61442610515689        417.83900595880664        1.9034846207005165E-009
          78   431.44806048130971        433.67264033495945        1.8933199333270393E-009
          79   447.34842281523584        449.57300266888558        1.6467214993027671E-009
          80   463.51354697280397        465.73812682645371        1.2046164037866672E-009
          81   480.18397137863286        482.40855123228260        7.5237810200299227E-010
          82   497.48508305943187        499.70966291308162        4.2276284538092743E-010
          83   515.41496918009170        517.63954903374145        2.2448318523034628E-010
          84   533.91991014666212        536.14449000031186        1.1584925309671502E-010
          85   552.94572433560029        555.17030418925003        5.8730968139745718E-011
          86   572.45280785166892        574.67738770531867        2.9284386620675483E-011
          87   592.41584861752744        594.64042847117719        1.4319600272046207E-011
          88   612.82018747133247        615.04476732498222        6.8366776455510137E-012
          89   633.65850381087000        635.88308366451975        3.1721641257142523E-012
          90   654.92840492529035        657.15298477894009        1.4240473482401998E-012
          91   676.63078723702949        678.85536709067924        6.1597677842120561E-013
          92   698.76873730230852        700.99331715595827        2.5576246881165517E-013
          93   721.34680693604741        723.57138678969716        1.0158523007787090E-013
          94   744.37054249365747        746.59512234730721        3.8470290172755758E-014
          95   767.84619110153051        770.07077095518025        1.3847227204008773E-014
          96   791.78052618352854        794.00510603717828        4.7229356724093904E-015
          97   816.18075265254299        818.40533250619274        1.5217633196039028E-015
          98   841.05446239540811        843.27904224905785        4.6176650999310698E-016
          99   866.40962066103054        868.63420051468029        1.3153809777837517E-016
         100   892.25457046214535        894.47915031579510        3.5058660304867750E-017
         101   918.59804746210216        920.82262731575190        8.7121292930093190E-018
         102   945.44920106108475        947.67378091473449        2.0111396336780787E-018
         103   972.81761959772200        975.04219945137174        4.2950233247717219E-019
         104   1000.7133587462333        1002.9379385998831        8.4509277345362115E-020
         105   1029.1469728638833        1031.3715527175329        1.5239162724951913E-020
         106   1058.1295493636430        1060.3541292172927        2.5079378247244347E-021
         107   1087.6727463656769        1089.8973262193265        3.7337805987788339E-022
         108   1117.7888339792130        1120.0134138328626        5.0269160415627893E-023
         109   1148.4907396431684        1150.7153194968180        5.9646447654722754E-024
         110   1179.7920980247525        1182.0166778784021        6.4686587006320398E-025
         111   1211.7073060537452        1213.9318859073949        5.5185269892839022E-026
         112   1244.2515837602964        1246.4761636139460        5.4948984034122776E-027
         113   1277.4410416904382        1279.6656215440878        1.3429580803698260E-028
         114   1311.2927557997079        1313.5173356533576        8.3480910364202041E-029
         115   1345.8248508760166        1348.0494307296663        1.5629220323631863E-029
         116   1381.0565937236063        1383.2811735772559        1.8758505962020689E-029
         117   1417.0084975577556        1419.2330774114052        1.4331138766770044E-029
         118   1453.7024393236570        1455.9270191773066        1.1340411589327130E-029
         119   1491.1617919739028        1493.3863718275525        8.9555784825613653E-030
         120   1529.4115741320670        1531.6361539857166        6.9333908186893227E-030
         121   1568.4786200535441        1570.7031999071937        5.3112678997470643E-030
         122   1608.3917733942444        1610.6163532478940        4.0025729469968287E-030
         123   1649.1821090447218        1651.4066888983714        2.9612876084276013E-030
         124   1690.8831882255101        1693.1077680791598        2.1402812198190686E-030
         125   1733.5313532257587        1735.7559330794084        1.5054011714696929E-030
         126   1777.1660696796691        1779.3906495333188        1.0198255019128793E-030
         127   1821.8303262194665        1824.0549060731162        6.5864751855587579E-031
         128   1867.5711038658162        1869.7956837194658        3.9764280964247217E-031
         129   1914.4399308201921        1916.6645106738417        2.1609218048863888E-031
         130   1962.4935426966899        1964.7181225503396        9.8753257796674024E-032
         131   2011.7946740850002        2014.0192539386499        3.1343128802522664E-032
         132   2062.4130152702364        2064.6375951238861        2.8315106295691924E-033
         133   2114.4263788327630        2116.6509586864127        3.5722934122375791E-033
         134   2167.9221360390211        2170.1467158926707        2.6215034072860436E-032
         135   2222.9990044438400        2225.2235842974897        6.4233275016774149E-032
         136   2279.7692991302692        2281.9938789839189        1.1277789846370396E-031
         137   2338.3618055912207        2340.5863854448703        1.6777678554427933E-031
         138   2398.9255007358474        2401.1500805894971        2.2591538792130176E-031
         139   2461.6344539424135        2463.8590337960632        2.8489172441054703E-031
         140   2526.6944069866449        2528.9189868402946        3.4297892760248895E-031
         141   2594.3518043648710        2596.5763842185206        3.9800473572379194E-031
         142   2664.9065075542071        2667.1310874078567        4.4987783501292433E-031
         143   2738.7302434492576        2740.9548233029072        4.9609930183094871E-031
         144   2816.2943549599490        2818.5189348135987        5.3687385810844184E-031
         145   2898.2134171280250        2900.4379969816746        5.7273518455128587E-031
         146   2985.3176462741217        2987.5422261277713        6.0264596728256830E-031
         147   3078.7818691179746        3081.0064489716242        6.2559170515505139E-031
         148   3180.3778951308427        3182.6024749844923        6.4299978831160273E-031
         149   3293.0388300740115        3295.2634099276611        6.5328935142644501E-031
         150   3422.4116012585323        3424.6361811121819        6.5600403320557478E-031
         151   3583.1418047104171        3585.3663845640667        6.4922760503881830E-031
